0	0	36	0	38	289	11989	1682
0	0	41	39	43	290	10830	2272
0	0	48	44	50	291	9313	1854
0	0	56	51	59	292	8309	1487
0	0	64	60	67	293	9176	1339
0	0	73	68	74	294	6194	1393
0	0	78	75	81	295	6447	1221
0	0	84	82	88	296	5976	1368
0	0	92	89	97	297	5392	1049
0	0	103	98	127	298	4686	155
0	0	36	0	38	289	11989	1682
0	0	41	39	43	290	10830	2272
0	0	48	44	50	291	9313	1854
0	0	56	51	59	292	8309	1487
0	0	64	60	67	293	9176	1339
0	0	73	68	74	294	6194	1393
0	0	78	75	81	295	6447	1221
0	0	84	82	88	296	5976	1368
0	0	92	89	97	297	5392	1049
0	0	103	98	127	298	4686	155
0	0	36	0	32	289	11989	1682
0	0	41	33	37	290	10830	2272
0	0	48	38	44	291	9313	1854
0	0	56	45	53	292	8309	1487
0	0	64	54	61	293	9176	1339
0	0	73	62	68	294	6194	1393
0	0	78	69	75	295	6447	1221
0	0	84	76	82	296	5976	1368
0	0	92	83	96	297	5392	1049
0	0	103	97	127	298	4686	155
1	0	36	0	41	289	11989	1682
1	0	41	42	46	290	10830	2272
1	0	48	47	53	291	9313	1854
1	0	56	54	62	292	8309	1487
1	0	64	63	70	293	9176	1339
1	0	73	71	77	294	6194	1393
1	0	78	78	84	295	6447	1221
1	0	84	85	91	296	5976	1368
1	0	92	92	100	297	5392	1049
1	0	103	101	127	298	4686	155
1	0	36	0	41	289	11989	1682
1	0	41	42	46	290	10830	2272
1	0	48	47	53	291	9313	1854
1	0	56	54	62	292	8309	1487
1	0	64	63	70	293	9176	1339
1	0	73	71	77	294	6194	1393
1	0	78	78	84	295	6447	1221
1	0	84	85	91	296	5976	1368
1	0	92	92	100	297	5392	1049
1	0	103	101	127	298	4686	155
2	0	36	0	45	289	11989	1682
2	0	41	46	50	290	10830	2272
2	0	48	51	57	291	9313	1854
2	0	56	58	66	292	8309	1487
2	0	64	67	74	293	9176	1339
2	0	73	75	81	294	6194	1393
2	0	78	82	88	295	6447	1221
2	0	84	89	95	296	5976	1368
2	0	92	96	104	297	5392	1049
2	0	103	105	127	298	4686	155
2	0	36	0	45	289	11989	1682
2	0	41	46	50	290	10830	2272
2	0	48	51	57	291	9313	1854
2	0	56	58	66	292	8309	1487
2	0	64	67	74	293	9176	1339
2	0	73	75	81	294	6194	1393
2	0	78	82	88	295	6447	1221
2	0	84	89	95	296	5976	1368
2	0	92	96	104	297	5392	1049
2	0	103	105	127	298	4686	155
3	0	42	0	49	197	5284	711
3	0	62	50	67	198	2699	224
3	0	71	68	78	199	2848	89
3	0	84	79	90	200	2585	21
3	0	96	91	127	201	1802	201
3	0	42	0	49	197	5284	711
3	0	62	50	67	198	2699	224
3	0	71	68	78	199	2848	89
3	0	84	79	90	200	2585	21
3	0	96	91	127	201	1802	201
4	0	49	0	46	137	800	160
4	0	56	47	66	138	731	107
4	0	67	67	80	139	361	56
4	0	80	81	101	140	442	53
4	0	97	102	127	141	104	10
4	0	60	0	47	115	6178	755
4	0	60	48	72	115	6178	755
4	0	84	73	103	116	2112	105
4	0	84	104	127	116	2112	105
4	0	49	0	46	137	800	160
4	0	56	47	66	138	731	107
4	0	67	67	80	139	361	56
4	0	80	81	93	140	442	53
4	0	97	94	127	141	104	10
4	0	48	0	45	9	927	168
4	0	53	46	53	10	402	252
4	0	64	54	63	11	909	134
4	0	70	64	75	12	946	94
4	0	83	76	83	13	936	67
4	0	87	84	91	14	904	53
4	0	93	92	127	15	695	75
5	0	48	0	60	142	1835	168
5	0	56	61	68	143	1206	106
5	0	64	69	76	144	897	67
5	0	72	77	84	145	501	42
5	0	80	85	92	146	351	53
5	0	88	93	100	147	303	50
5	0	96	101	127	148	190	95
5	0	78	0	83	117	1365	3682
5	0	78	84	95	117	1365	3682
5	0	78	96	127	117	1365	3682
5	0	48	0	60	142	1835	168
5	0	56	61	68	143	1206	106
5	0	64	69	76	144	897	67
5	0	72	77	84	145	501	42
5	0	80	85	92	146	351	53
5	0	88	93	100	147	303	50
5	0	96	101	127	148	190	95
6	0	48	0	54	205	5506	1180
6	0	60	55	66	206	4501	674
6	0	72	67	80	207	3291	716
6	0	87	81	100	208	3169	496
6	0	87	101	127	208	3169	496
6	0	48	0	51	205	5506	1180
6	0	60	52	63	206	4501	674
6	0	72	64	77	207	3291	716
6	0	87	78	97	208	3169	496
6	0	87	98	127	208	3169	496
6	0	48	0	54	205	5506	1180
6	0	60	55	66	206	4501	674
6	0	72	67	80	207	3291	716
6	0	87	81	100	208	3169	496
6	0	87	101	127	208	3169	496
6	0	48	0	54	205	5506	1180
6	0	60	55	66	206	4501	674
6	0	72	67	80	207	3291	716
6	0	87	81	100	208	3169	496
6	0	87	101	127	208	3169	496
7	0	48	0	46	89	467	168
7	0	60	47	65	90	290	84
7	0	72	66	78	91	206	42
7	0	84	79	95	92	76	21
7	0	103	96	127	224	212	14
8	0	77	0	98	79	292	252
8	0	101	99	102	80	81	62
8	0	90	103	127	245	299	15
9	0	85	0	87	178	326	118
9	0	91	88	91	179	232	84
9	0	102	92	127	180	125	44
10	0	82	0	57	253	583	213
10	0	82	58	88	253	583	213
10	0	101	89	102	80	81	62
10	0	90	103	127	245	299	15
11	0	52	0	57	477	5878	669
11	0	64	58	70	478	5704	268
11	0	76	71	82	479	3300	235
11	0	88	83	93	480	2264	118
11	0	100	94	127	481	2428	59
11	0	52	0	57	477	5878	669
11	0	64	58	70	478	5704	268
11	0	76	71	82	479	3300	235
11	0	88	83	93	480	2264	118
11	0	100	94	127	481	2428	59
12	0	54	0	48	243	1317	594
12	0	62	49	81	244	1528	74
12	0	90	82	127	245	299	15
12	0	54	0	48	243	1317	594
12	0	62	49	81	244	1528	74
12	0	90	82	127	245	299	15
13	0	72	0	88	493	959	125
13	0	93	89	101	494	545	49
13	0	90	102	127	245	299	15
14	0	84	0	89	464	294	872
14	0	84	90	96	464	294	872
14	0	84	97	127	464	294	872
14	0	84	0	89	464	294	872
14	0	84	90	96	464	294	872
14	0	84	97	127	464	294	872
14	0	84	0	89	464	294	872
14	0	84	90	96	464	294	872
14	0	84	97	127	464	294	872
15	0	74	0	55	325	1112	410
15	0	74	56	87	325	1112	410
15	0	103	88	127	224	212	14
16	0	73	0	79	150	465	79
16	0	85	80	92	151	236	40
16	0	97	93	127	152	124	20
16	0	90	0	64	121	903	3766
16	0	90	65	127	121	903	3766
16	0	67	0	55	6	187	56
16	0	67	56	84	6	187	56
16	0	91	85	93	7	86	14
16	0	97	94	96	8	87	10
16	0	97	97	127	8	87	10
16	0	73	0	79	150	465	79
16	0	85	80	92	151	236	40
16	0	97	93	127	152	124	20
17	0	53	0	64	153	3682	253
17	0	68	65	82	154	1663	107
17	0	86	83	127	155	1340	75
17	0	53	0	64	153	3682	253
17	0	68	65	82	154	1663	107
17	0	86	83	94	155	1340	75
17	0	86	95	127	155	1340	75
17	0	73	0	76	150	465	79
17	0	85	77	92	151	236	40
17	0	97	93	127	152	124	20
18	0	71	0	55	156	1236	2261
18	0	83	56	69	157	1353	2317
18	0	95	70	127	158	1260	2184
19	0	46	0	52	110	1752	372
19	0	56	53	60	111	914	627
19	0	66	61	73	112	593	235
19	0	78	74	86	113	1211	59
19	0	90	87	127	114	764	29
19	0	46	0	52	110	1752	372
19	0	56	53	60	111	914	627
19	0	66	61	73	112	593	235
19	0	78	74	86	113	1211	59
19	0	90	87	127	114	764	29
19	0	46	0	49	110	1752	372
19	0	56	50	57	111	914	627
19	0	66	58	69	112	593	235
19	0	78	70	86	113	1211	59
19	0	90	87	127	114	764	29
20	0	53	0	46	322	41	254
20	0	53	47	68	322	41	254
20	0	72	69	83	323	12	43
20	0	88	93	127	324	50	50
20	0	72	84	92	323	12	43
21	0	68	0	48	20	2752	1009
21	0	68	49	84	20	2752	1009
21	0	96	85	95	21	2075	84
21	0	95	96	127	473	403	11
21	0	68	0	48	20	2752	1009
21	0	68	49	84	20	2752	1009
21	0	96	85	95	21	2075	84
21	0	88	96	127	324	50	50
22	0	56	0	68	182	2	106
22	0	64	69	76	183	1	67
22	0	72	77	84	184	3	42
22	0	80	85	92	185	2	53
22	0	88	93	101	186	1	50
22	0	96	102	127	187	1	21
23	0	64	0	44	42	723	67
23	0	64	45	71	42	723	67
23	0	74	72	82	43	512	76
23	0	88	96	127	324	50	50
23	0	72	83	95	323	12	43
24	0	48	0	52	255	3460	1011
24	0	57	53	66	256	3565	602
24	0	70	67	76	257	2820	520
24	0	79	77	89	258	2787	113
24	0	88	90	91	259	1727	84
24	0	97	92	99	260	1008	80
24	0	101	100	127	217	1843	647
24	0	48	0	44	255	3460	1011
24	0	57	45	58	256	3565	602
24	0	70	59	68	257	2820	520
24	0	79	69	81	258	2787	113
24	0	88	82	83	259	1727	84
24	0	97	84	92	260	1008	80
24	0	104	93	127	261	3308	13
24	0	48	0	52	255	3460	1011
24	0	57	53	66	256	3565	602
24	0	70	67	76	257	2820	520
24	0	79	77	89	258	2787	113
24	0	88	90	91	259	1727	84
24	0	97	92	99	260	1008	80
24	0	101	100	127	217	1843	647
24	0	48	0	52	255	3460	1011
24	0	57	53	66	256	3565	602
24	0	70	67	76	257	2820	520
24	0	79	77	89	258	2787	113
24	0	88	90	91	259	1727	84
24	0	97	92	99	260	1008	80
24	0	101	100	127	217	1843	647
25	0	41	0	44	398	8352	1008
25	0	49	45	52	399	4790	1114
25	0	57	53	60	400	4724	301
25	0	65	61	69	401	4886	253
25	0	74	70	81	402	3596	188
25	0	84	89	127	403	2763	190
25	0	84	82	88	403	2763	190
25	0	49	0	47	399	4790	1114
25	0	55	48	69	2	5448	563
25	0	79	70	86	3	2337	787
25	0	89	87	127	4	1827	582
25	0	41	0	36	398	8352	1008
25	0	49	37	44	399	4790	1114
25	0	57	45	52	400	4724	301
25	0	65	53	61	401	4886	253
25	0	74	62	73	402	3596	188
25	0	84	74	127	403	2763	190
26	0	50	0	54	211	4982	1502
26	0	59	55	63	212	4518	1875
26	0	68	64	71	213	4663	796
26	0	74	72	79	214	3895	526
26	0	84	80	88	215	4102	886
26	0	93	89	97	216	2882	677
26	0	101	98	127	217	1843	647
26	0	50	0	66	211	4982	1502
26	0	59	67	75	212	4518	1875
26	0	68	76	83	213	4663	796
26	0	74	84	91	214	3895	526
26	0	84	92	100	215	4102	886
26	0	93	101	109	216	2882	677
26	0	101	110	127	217	1843	647
27	0	48	0	54	94	4686	338
27	0	60	55	62	95	3433	337
27	0	67	63	70	96	2877	226
27	0	72	71	80	97	2013	337
27	0	83	81	99	98	2263	22
27	0	84	100	127	403	2763	190
27	0	48	0	54	94	4686	338
27	0	60	55	63	95	3433	337
27	0	67	64	70	96	2877	226
27	0	72	71	80	97	2013	337
27	0	83	81	99	98	2263	22
27	0	84	100	127	403	2763	190
28	0	43	0	69	246	1184	225
28	0	64	70	72	247	1007	67
28	0	81	73	86	248	485	25
28	0	88	87	91	259	1727	84
28	0	97	92	99	260	1008	80
28	0	101	100	127	217	1843	647
28	0	43	0	56	246	1184	225
28	0	64	57	68	247	1007	67
28	0	81	69	86	248	485	25
28	0	88	87	91	259	1727	84
28	0	97	92	99	260	1008	80
28	0	101	100	127	217	1843	647
28	0	43	0	69	246	1184	225
28	0	64	70	72	247	1007	67
28	0	81	73	86	248	485	25
28	0	88	87	91	259	1727	84
28	0	97	92	99	260	1008	80
28	0	101	100	127	217	1843	647
29	0	32	0	44	273	4335	424
29	0	37	45	49	274	3585	318
29	0	48	50	57	275	2433	169
29	0	60	58	63	276	4190	169
29	0	59	64	70	277	1213	88
29	0	61	71	73	278	1253	80
29	0	65	74	77	279	867	63
29	0	77	78	89	280	643	31
29	0	84	90	96	281	378	21
29	0	94	97	127	282	291	59
30	0	36	0	48	122	3314	337
30	0	42	49	54	123	3044	237
30	0	47	55	59	124	2091	178
30	0	52	60	64	125	1671	133
30	0	59	65	71	126	850	89
30	0	65	72	77	127	1062	63
30	0	80	78	92	128	661	52
30	0	89	93	101	129	394	31
30	0	97	102	127	130	503	10
30	0	36	0	48	122	3314	337
30	0	42	49	54	123	3044	237
30	0	47	55	59	124	2091	178
30	0	52	60	64	125	1671	133
30	0	59	65	71	126	850	89
30	0	65	72	77	127	1062	63
30	0	80	78	92	128	661	52
30	0	89	93	101	129	394	31
30	0	97	102	127	130	503	10
31	0	67	0	64	203	784	71
31	0	82	65	80	204	691	18
31	0	82	81	95	204	691	18
31	0	99	96	127	204	691	18
31	0	52	0	52	360	100	133
31	0	64	53	64	361	51	67
31	0	76	65	76	362	25	34
31	0	88	77	88	363	13	17
31	0	99	89	100	364	11	18
31	0	109	101	112	365	16	10
31	0	119	113	127	366	17	25
32	0	32	0	37	22	7814	426
32	0	43	38	51	23	6539	451
32	0	60	52	72	24	2639	85
32	0	60	73	84	24	2639	85
32	0	83	85	86	190	2290	469
32	0	96	87	127	191	2033	148
33	0	56	0	43	239	2717	106
33	0	59	44	54	240	2472	89
33	0	76	55	80	241	997	134
33	0	76	81	106	241	997	134
33	0	99	107	127	364	11	18
34	0	30	0	35	286	6692	478
34	0	40	36	45	287	6302	534
34	0	50	46	78	288	3397	301
34	0	84	79	88	215	4102	886
34	0	93	89	97	216	2882	677
34	0	101	98	127	217	1843	647
35	0	36	0	42	173	9308	337
35	0	48	43	66	174	5344	169
35	0	60	67	78	175	2496	84
35	0	84	79	88	215	4102	886
35	0	93	89	97	216	2882	677
35	0	101	98	127	217	1843	647
36	0	31	0	38	372	6513	905
36	0	43	39	67	373	3908	1579
36	0	83	68	104	374	328	22
36	0	84	105	127	403	2763	190
37	0	52	0	50	375	1260	537
37	0	52	51	60	375	1260	537
37	0	43	61	69	373	3908	1579
37	0	83	70	104	374	328	22
37	0	84	105	127	403	2763	190
38	0	33	0	45	411	16476	403
38	0	48	46	69	412	3475	170
38	0	72	70	90	413	2445	42
38	0	96	91	127	414	1356	21
38	0	59	0	34	0	1353	91
38	0	59	35	46	0	1353	91
38	0	72	47	127	1	1380	43
38	0	36	0	54	418	8625	338
38	0	48	55	69	412	3475	170
38	0	72	70	90	413	2445	42
38	0	96	91	127	414	1356	21
39	0	33	0	43	415	9501	401
39	0	48	44	66	416	2768	340
39	0	72	67	83	417	2956	42
39	0	72	84	96	417	2956	42
39	0	84	97	127	403	2763	190
39	0	29	0	34	419	5591	509
39	0	29	35	45	419	5591	509
39	0	48	46	69	412	3475	170
39	0	72	70	90	413	2445	42
39	0	96	91	127	414	1356	21
39	0	59	0	34	0	1353	91
39	0	59	35	46	0	1353	91
39	0	72	47	60	1	1380	43
39	0	72	61	72	1	1380	43
39	0	72	73	84	1	1380	43
39	0	72	85	96	1	1380	43
39	0	72	97	127	1	1380	43
40	0	56	0	68	482	1341	106
40	0	58	69	70	483	1483	95
40	0	64	71	76	484	1330	67
40	0	68	77	80	485	1298	53
40	0	74	81	88	486	1115	37
40	0	83	89	96	487	934	22
40	0	92	97	105	488	868	53
40	0	106	106	106	335	6	12
40	0	95	107	127	434	366	44
40	0	41	0	57	77	813	253
40	0	56	58	68	482	1341	106
40	0	58	69	70	483	1483	95
40	0	64	71	76	484	1330	67
40	0	68	77	80	485	1298	53
40	0	74	81	88	486	1115	37
40	0	83	89	96	487	934	22
40	0	92	97	105	488	868	53
40	0	106	106	106	335	6	12
40	0	95	107	127	434	366	44
41	0	56	0	60	482	1341	106
41	0	58	61	62	483	1483	95
41	0	64	63	68	484	1330	67
41	0	68	69	72	485	1298	53
41	0	74	73	78	486	1115	37
41	0	83	79	84	487	934	22
41	0	92	85	105	488	868	53
41	0	106	106	106	335	6	12
41	0	95	107	127	434	366	44
42	0	28	0	33	76	1251	531
42	0	41	34	45	77	813	253
42	0	53	46	55	75	603	501
42	0	64	56	65	74	729	67
42	0	76	66	91	78	453	33
42	0	106	106	106	335	6	12
42	0	92	92	105	488	868	53
42	0	96	107	127	187	1	21
43	0	29	0	38	101	2415	501
43	0	42	39	54	100	1128	239
43	0	59	55	72	99	425	90
43	0	64	73	87	183	1	67
43	0	72	88	95	184	3	42
43	0	96	107	127	187	1	21
43	0	80	96	102	185	2	53
43	0	88	103	106	186	1	50
44	0	57	0	55	405	251	9710
44	0	71	56	83	406	147	11272
44	0	88	84	127	407	136	7411
45	0	71	0	88	304	2073	398
45	0	96	89	127	303	549	137
46	0	57	0	62	188	3340	501
46	0	70	63	76	189	2937	520
46	0	83	77	86	190	2290	469
46	0	96	87	127	191	2033	148
47	0	55	0	50	442	0	0
47	0	55	51	55	442	0	0
47	0	55	56	60	442	0	0
47	0	55	61	65	442	0	0
47	0	55	66	70	442	0	0
47	0	55	71	76	442	0	0
47	0	55	77	82	442	0	0
47	0	55	83	88	442	0	0
47	0	55	89	95	442	0	0
47	0	55	96	127	442	0	0
48	0	57	0	55	405	251	9710
48	0	71	56	83	406	147	11272
48	0	88	84	127	407	136	7411
48	0	57	0	55	405	251	9710
48	0	71	56	83	406	147	11272
48	0	88	84	127	407	136	7411
49	0	57	0	55	405	251	9710
49	0	71	56	83	406	147	11272
49	0	88	84	127	407	136	7411
50	0	48	0	53	388	169	10805
50	0	69	54	78	389	284	10741
50	0	86	79	127	390	82	9507
50	0	67	0	77	391	2336	12051
50	0	82	78	88	392	983	5067
50	0	88	89	92	407	136	7411
50	0	82	93	95	392	983	5067
50	0	86	96	127	390	82	9507
51	0	48	0	52	388	169	10805
51	0	69	53	76	389	284	10741
51	0	86	77	127	390	82	9507
52	0	68	0	85	85	3689	8712
52	0	86	86	95	390	82	9507
52	0	86	96	127	390	82	9507
52	0	68	0	85	85	3689	8712
52	0	86	86	95	390	82	9507
52	0	86	96	127	390	82	9507
53	0	70	0	68	311	918	1750
53	0	79	69	84	312	1315	1945
53	0	90	85	100	313	1445	1827
53	0	95	101	127	346	2406	22
54	0	74	0	55	426	18	5360
54	0	74	56	89	426	18	5360
54	0	106	90	102	427	29	1560
54	0	96	103	127	187	1	21
55	0	68	0	127	283	13377	2014
56	0	40	0	43	447	1941	268
56	0	48	44	50	448	2724	169
56	0	55	51	57	449	2251	113
56	0	53	58	65	455	1275	127
56	0	61	66	73	456	1210	80
56	0	69	74	81	457	942	100
56	0	74	82	86	458	721	38
56	0	80	87	93	459	560	27
56	0	89	94	103	460	444	16
56	0	95	104	127	434	366	44
57	0	40	0	43	447	1941	268
57	0	48	44	50	448	2724	169
57	0	55	51	57	449	2251	113
57	0	62	58	64	450	1916	76
57	0	68	65	72	451	2652	54
57	0	77	73	81	452	1569	32
57	0	86	82	88	453	893	57
57	0	92	89	93	454	460	13
57	0	89	94	103	460	444	16
57	0	95	104	127	434	366	44
57	0	48	0	43	448	2724	169
57	0	55	44	53	449	2251	113
57	0	53	54	65	455	1275	127
57	0	61	66	73	456	1210	80
57	0	69	74	81	457	942	100
57	0	74	82	86	458	721	38
57	0	80	87	93	459	560	27
57	0	89	94	102	460	444	16
57	0	99	103	127	461	208	18
58	0	39	0	39	462	1372	281
58	0	50	40	55	463	1032	147
58	0	62	56	64	450	1916	76
58	0	68	65	72	451	2652	54
58	0	77	73	81	452	1569	32
58	0	86	82	88	453	893	57
58	0	92	89	93	454	460	13
58	0	89	94	103	460	444	16
58	0	95	104	127	434	366	44
59	0	64	0	66	249	4115	67
59	0	73	67	74	250	3422	80
59	0	79	75	81	251	3254	113
59	0	86	82	87	252	2835	38
59	0	80	88	93	459	560	27
59	0	89	94	103	460	444	16
59	0	95	104	127	434	366	44
60	0	60	60	67	162	5356	422
60	0	72	68	79	163	3831	253
60	0	72	80	99	163	3831	253
60	0	95	100	127	434	366	44
60	0	60	0	59	162	5356	422
60	0	60	0	57	162	5356	422
60	0	72	58	69	163	3831	253
60	0	72	70	99	163	3831	253
60	0	95	100	127	434	366	44
61	0	64	0	68	53	5805	66
61	0	72	69	80	54	7241	211
61	0	84	81	90	55	7893	295
61	0	96	91	127	56	5183	43
61	0	64	0	68	53	5805	66
61	0	72	69	80	54	7241	211
61	0	84	81	90	55	7893	295
61	0	96	91	127	56	5183	43
62	0	48	0	52	338	5639	2360
62	0	60	53	64	339	3829	2191
62	0	72	65	76	340	4020	1981
62	0	84	77	86	341	2775	1264
62	0	95	87	97	342	3023	11
62	0	86	98	127	390	82	9507
62	0	48	0	52	338	5639	2360
62	0	60	53	64	339	3829	2191
62	0	72	65	76	340	4020	1981
62	0	84	77	86	341	2775	1264
62	0	95	87	97	342	3023	11
62	0	86	98	127	390	82	9507
62	0	48	0	52	338	5639	2360
62	0	60	53	64	339	3829	2191
62	0	72	65	76	340	4020	1981
62	0	84	77	86	341	2775	1264
62	0	95	87	97	342	3023	11
62	0	86	98	127	390	82	9507
63	0	43	0	47	343	8834	675
63	0	55	48	67	344	5417	338
63	0	72	68	88	345	3494	43
63	0	95	89	127	346	2406	22
63	0	48	0	52	388	169	10805
63	0	69	53	76	389	284	10741
63	0	86	77	127	390	82	9507
63	0	60	0	67	162	5356	422
63	0	72	68	79	163	3831	253
63	0	72	80	88	163	3831	253
63	0	95	100	127	434	366	44
63	0	72	89	99	163	3831	253
64	0	58	0	70	428	1856	95
64	0	64	71	76	429	1220	68
64	0	70	77	82	430	3761	48
64	0	76	83	88	431	3225	34
64	0	83	89	95	432	2235	67
64	0	89	96	102	433	458	16
64	0	95	103	127	434	366	44
65	0	41	0	53	29	2359	251
65	0	47	54	59	30	1086	180
65	0	51	60	63	31	1111	144
65	0	57	64	69	32	1098	101
65	0	65	70	77	33	683	64
65	0	75	78	87	34	1150	35
65	0	83	88	96	35	678	44
65	0	92	97	127	36	302	52
66	0	34	0	43	465	1201	380
66	0	45	44	54	466	1014	201
66	0	51	55	60	467	856	142
66	0	56	61	65	468	726	106
66	0	62	66	71	469	936	76
66	0	69	72	78	470	616	50
66	0	77	79	86	471	547	32
66	0	85	87	94	472	365	20
66	0	95	95	127	473	403	11
67	0	38	0	40	64	464	299
67	0	48	41	53	65	438	168
67	0	59	54	71	66	571	90
67	0	86	72	88	67	193	19
67	0	109	89	95	68	63	10
67	0	95	96	127	473	403	11
68	0	61	0	64	262	2165	80
68	0	69	65	72	263	1579	51
68	0	77	73	79	264	1579	32
68	0	85	80	86	266	825	80
68	0	81	87	102	265	201	25
68	0	99	103	127	461	208	18
69	0	53	0	57	132	815	127
69	0	61	58	65	133	822	80
69	0	70	66	75	134	616	48
69	0	82	76	85	135	731	24
69	0	83	86	95	432	2235	67
69	0	89	96	102	433	458	16
69	0	95	103	127	434	366	44
70	0	44	0	50	47	561	212
70	0	69	51	68	48	205	49
70	0	69	69	86	48	205	49
70	0	109	87	95	68	63	10
70	0	95	96	127	473	403	11
71	0	55	0	56	420	113	112
71	0	64	57	70	421	70	68
71	0	70	71	78	422	48	47
71	0	75	79	85	423	36	35
71	0	87	86	99	424	38	18
71	0	95	100	127	434	366	44
72	0	79	0	82	299	1115	82
72	0	84	83	102	300	668	21
72	0	95	103	127	269	2880	11
73	0	65	0	69	164	1920	64
73	0	73	70	77	165	1948	80
73	0	78	78	84	166	1793	29
73	0	88	85	91	167	1261	34
73	0	95	92	97	168	1044	11
73	0	104	98	100	169	681	13
73	0	95	101	127	269	2880	11
74	0	66	0	70	317	934	60
74	0	75	71	77	318	1034	36
74	0	83	78	88	319	733	23
74	0	93	89	95	320	309	13
74	0	101	96	97	321	190	16
74	0	95	98	127	269	2880	11
75	0	73	0	58	305	1680	2165
75	0	73	59	97	305	1680	2165
75	0	89	98	127	433	458	16
76	0	72	0	81	51	1983	42
76	0	84	82	97	52	987	21
76	0	89	98	127	433	458	16
77	0	63	0	66	352	3559	2336
77	0	70	67	73	353	2962	1891
77	0	78	74	95	354	2509	1994
77	0	84	96	102	300	668	21
77	0	95	103	127	269	2880	11
78	0	52	0	52	360	100	133
78	0	64	53	64	361	51	67
78	0	76	65	84	362	25	34
78	0	88	85	98	363	13	17
78	0	95	99	127	269	2880	11
79	0	72	0	81	267	3081	43
79	0	83	82	90	268	2581	22
79	0	95	91	127	269	2880	11
80	0	41	0	38	382	2991	3031
80	0	48	39	52	383	5198	2694
80	0	60	53	63	384	4000	3551
80	0	67	64	77	385	1641	5313
80	0	79	78	97	386	2032	4789
80	0	96	98	127	387	828	1800
80	0	45	0	45	234	15	201
80	0	56	46	55	235	14	106
80	0	68	56	67	236	14	53
80	0	80	68	80	237	17	27
80	0	91	81	91	238	15	14
80	0	106	92	108	335	6	12
80	0	113	109	112	336	4	12
80	0	118	113	127	337	3	12
80	0	52	0	52	360	100	133
80	0	64	53	64	361	51	67
80	0	76	65	82	362	25	34
80	0	88	83	100	363	13	17
80	0	99	109	127	364	11	18
80	0	88	101	108	363	13	17
81	0	48	0	55	326	5111	10132
81	0	60	56	67	327	4408	5903
81	0	72	68	85	328	3892	6127
81	0	86	86	107	390	82	9507
81	0	95	108	127	346	2406	22
81	0	40	0	40	329	265	265
81	0	52	41	51	330	132	132
81	0	64	52	63	331	66	66
81	0	76	64	76	332	33	33
81	0	88	77	88	333	17	17
81	0	101	89	100	334	8	16
81	0	113	101	112	336	4	12
81	0	118	113	127	337	3	12
81	0	53	0	47	118	5339	126
81	0	53	48	72	118	5339	126
81	0	77	73	104	119	3461	63
81	0	95	105	127	434	366	44
82	0	72	0	78	71	2088	3546
82	0	84	79	102	72	2192	4125
82	0	86	103	127	390	82	9507
83	0	72	0	78	81	5542	42
83	0	83	79	127	82	5913	22
84	0	60	0	52	86	5879	253
84	0	60	53	72	86	5879	253
84	0	84	73	101	87	3188	43
84	0	97	102	127	130	503	10
85	0	66	0	69	170	844	2376
85	0	79	70	127	379	1346	5219
86	0	81	0	63	5	4157	3520
86	0	81	64	105	5	4157	3520
86	0	91	106	127	210	2237	1660
87	0	48	0	45	59	3213	169
87	0	48	46	61	59	3213	169
87	0	72	62	95	60	2555	42
87	0	96	96	127	61	2344	21
88	0	53	0	71	159	3820	1645
88	0	81	72	83	160	2374	821
88	0	81	84	99	160	2374	821
88	0	90	100	127	245	299	15
89	0	74	0	104	492	399	5380
89	0	86	105	127	171	684	2583
90	0	48	0	52	306	6350	169
90	0	60	53	66	307	5713	84
90	0	72	67	78	308	4758	43
90	0	83	79	90	309	4663	22
90	0	95	91	127	310	3536	11
91	0	79	0	59	379	1346	5219
91	0	79	60	97	379	1346	5219
91	0	79	98	127	379	1346	5219
92	0	49	0	46	137	800	160
92	0	56	47	64	138	731	107
92	0	67	65	80	139	361	56
92	0	80	81	93	140	442	53
92	0	97	94	127	141	104	10
93	0	42	0	49	197	5284	711
93	0	62	50	67	198	2699	224
93	0	71	68	78	199	2848	89
93	0	84	79	90	200	2585	21
93	0	96	91	127	201	1802	201
94	0	68	0	85	85	3689	8712
94	0	86	86	101	390	82	9507
94	0	79	102	127	379	1346	5219
95	0	48	0	52	388	169	10805
95	0	69	53	76	389	284	10741
95	0	86	77	127	390	82	9507
96	0	67	0	78	209	2901	1852
96	0	91	79	90	210	2237	1660
96	0	91	91	127	210	2237	1660
97	0	60	0	54	377	8409	3376
97	0	60	55	68	377	8409	3376
97	0	84	78	84	378	6590	2902
97	0	84	96	127	378	6590	2902
97	0	84	85	95	378	6590	2902
97	0	60	69	77	377	8409	3376
98	0	88	0	102	172	1428	201
98	0	81	103	127	160	2374	821
98	0	70	0	78	422	48	47
98	0	75	79	85	423	36	35
98	0	87	86	99	424	38	18
98	0	88	100	127	324	50	50
99	0	60	0	55	27	5013	84
99	0	60	56	79	27	5013	84
99	0	84	80	127	28	3175	21
100	0	66	0	80	170	844	2376
100	0	86	81	127	171	684	2583
101	0	84	0	127	181	21	6246
102	0	68	0	85	85	3689	8712
102	0	86	86	101	390	82	9507
102	0	79	102	127	379	1346	5219
102	0	43	0	47	343	8834	675
102	0	55	48	67	344	5417	338
102	0	72	68	87	345	3494	43
102	0	72	88	96	345	3494	43
102	0	89	97	127	433	458	16
102	0	43	0	50	343	8834	675
102	0	55	51	70	344	5417	338
102	0	72	71	91	345	3494	43
102	0	95	92	127	346	2406	22
103	0	61	0	83	393	2324	2277
103	0	85	84	100	394	2504	21
103	0	89	101	127	433	458	16
104	0	60	0	70	368	469	83
104	0	76	71	81	369	445	33
104	0	95	82	97	370	345	22
104	0	95	98	127	473	403	11
104	0	60	0	70	368	469	83
104	0	76	71	81	369	445	33
104	0	95	82	97	370	345	22
104	0	95	98	127	473	403	11
105	0	60	0	40	44	939	83
105	0	60	41	64	44	939	83
105	0	70	65	79	45	814	188
105	0	83	80	95	46	521	133
105	0	87	96	101	208	3169	496
105	0	88	102	127	324	50	50
106	0	57	0	40	355	1065	103
106	0	57	41	59	355	1065	103
106	0	68	60	74	356	806	52
106	0	80	75	85	357	776	27
106	0	90	86	104	358	349	15
106	0	88	105	127	324	50	50
107	0	59	0	47	222	1755	88
107	0	59	48	73	222	1755	88
107	0	80	74	97	223	1322	26
107	0	87	98	101	208	3169	496
107	0	88	102	127	324	50	50
107	0	67	0	48	440	4574	337
107	0	67	49	75	440	4574	337
107	0	79	76	104	441	3431	112
107	0	88	105	127	324	50	50
108	0	70	0	103	221	1446	48
108	0	96	104	127	191	2033	148
109	0	54	0	57	37	3407	253
109	0	65	58	69	38	2513	268
109	0	75	70	80	39	1787	38
109	0	85	81	85	40	1781	169
109	0	94	86	92	41	684	89
109	0	89	93	127	433	458	16
110	0	56	0	68	482	1341	106
110	0	58	69	70	483	1483	95
110	0	64	71	76	484	1330	67
110	0	68	77	80	485	1298	53
110	0	74	81	88	486	1115	37
110	0	83	89	96	487	934	22
110	0	89	103	127	433	458	16
110	0	92	97	102	488	868	53
111	0	64	0	59	38	2513	268
111	0	74	60	71	39	1787	38
111	0	84	72	79	40	1781	169
111	0	93	80	95	41	684	89
111	0	96	96	127	187	1	21
112	0	105	0	30	443	152	77
112	0	105	31	40	443	152	77
112	0	105	41	50	443	152	77
112	0	105	51	60	443	152	77
112	0	105	61	70	443	152	77
112	0	105	71	76	443	152	77
112	0	105	77	82	443	152	77
112	0	105	83	127	443	152	77
113	0	79	0	127	25	0	0
114	0	83	0	106	397	2661	461
114	0	96	107	127	191	2033	148
115	0	68	0	127	491	0	0
115	0	60	0	127	73	0	0
116	0	72	0	127	409	3574	1317
116	0	84	0	79	442	0	0
116	0	84	80	84	442	0	0
116	0	84	85	89	442	0	0
116	0	84	90	94	442	0	0
116	0	84	95	99	442	0	0
116	0	84	100	105	442	0	0
116	0	84	106	111	442	0	0
116	0	84	112	117	442	0	0
116	0	84	118	124	442	0	0
116	0	84	125	127	442	0	0
117	0	64	0	127	444	5463	1003
117	0	67	0	127	444	5463	1003
118	0	72	0	127	425	831	104
118	0	64	0	127	102	48	89
118	0	71	0	127	136	0	0
119	0	63	0	127	106	2615	5676
120	0	69	0	127	177	0	0
120	0	65	0	59	131	0	0
120	0	66	60	127	475	0	0
120	0	75	0	127	57	0	0
121	0	84	0	88	284	942	840
121	0	96	89	108	285	484	399
121	0	97	109	127	301	357	10
121	0	60	0	127	219	0	0
122	0	70	0	127	350	1	13667
122	0	58	0	127	350	1	13667
122	0	103	0	127	438	4443	3535
122	0	55	0	127	490	21	9362
122	0	79	0	127	404	611	8934
122	0	72	0	127	62	33	7168
123	0	77	0	127	50	2536	1486
123	0	71	0	127	120	0	0
123	0	75	0	127	202	6	3797
123	0	62	0	127	363	13	17
124	0	68	0	127	437	10	1505
124	0	72	0	127	436	21	839
124	0	85	0	127	108	0	0
124	0	75	0	127	349	0	0
124	0	67	0	127	347	0	0
124	0	60	0	127	489	3310	9890
125	0	62	0	127	195	7	3878
125	0	76	0	127	149	4726	2221
125	0	63	0	127	109	15	2950
125	0	72	0	127	105	13	6500
125	0	80	0	127	107	7	5976
125	0	83	0	127	367	32	1553
125	0	80	0	127	445	15	7168
125	0	127	0	127	106	2615	5676
125	0	89	0	127	408	11	1505
125	0	67	0	127	63	553	17648
126	0	69	0	127	26	32	7231
126	0	64	0	127	226	0	0
126	0	71	0	127	348	0	0
126	0	77	0	127	314	0	0
126	0	95	0	127	194	0	0
126	0	73	0	127	395	0	0
127	0	78	0	127	302	0	0
127	0	71	0	127	254	7	834
127	0	71	0	127	225	0	0
127	0	108	0	127	107	7	5976
0	1	27	27	27	196	0	0
0	1	31	28	28	371	0	0
0	1	36	29	29	381	0	0
0	1	38	30	30	380	0	0
0	1	36	31	31	396	0	0
0	1	32	32	32	93	0	0
0	1	31	33	33	359	0	0
0	1	34	34	34	233	750	129
0	1	34	35	35	220	0	0
0	1	36	36	36	376	0	0
0	1	37	37	37	359	0	0
0	1	38	38	38	161	0	0
0	1	39	39	39	193	0	0
0	1	40	40	40	474	0	0
0	1	57	41	41	444	5463	1003
0	1	42	42	42	83	0	0
0	1	55	43	43	444	5463	1003
0	1	43	44	44	83	0	0
0	1	54	45	45	444	5463	1003
0	1	45	46	46	272	5808	3761
0	1	52	47	47	444	5463	1003
0	1	50	48	48	444	5463	1003
0	1	48	49	49	106	2615	5676
0	1	48	50	50	444	5463	1003
0	1	50	51	51	316	4913	4113
0	1	53	52	52	84	2067	7039
0	1	59	53	53	315	4976	3960
0	1	54	54	54	435	0	0
0	1	45	55	55	106	2615	5676
0	1	62	56	56	104	0	0
0	1	55	57	57	106	2615	5676
0	1	62	58	58	476	1643	2405
0	1	57	59	59	316	4913	4113
0	1	62	60	60	192	0	0
0	1	61	61	61	227	0	0
0	1	64	62	62	231	0	0
0	1	65	63	63	270	0	0
0	1	71	64	64	270	0	0
0	1	70	65	65	439	0	0
0	1	76	66	66	439	0	0
0	1	69	67	67	25	0	0
0	1	75	68	68	25	0	0
0	1	69	69	69	70	0	0
0	1	70	70	70	230	0	0
0	1	71	71	71	410	0	0
0	1	72	72	72	229	0	0
0	1	73	73	73	351	0	0
0	1	79	74	74	228	0	0
0	1	82	75	75	88	0	0
0	1	76	76	76	491	0	0
0	1	82	77	77	491	0	0
0	1	88	78	78	232	0	0
0	1	89	79	79	271	0	0
0	1	81	80	80	446	833	961
0	1	82	81	81	446	833	961
0	1	82	82	82	17	0	0
0	1	85	83	83	218	0	0
0	1	90	84	84	49	2901	646
0	1	85	85	85	73	0	0
0	1	98	86	86	409	3574	1317
0	1	99	87	87	409	3574	1317
8	1	27	27	27	196	0	0
8	1	31	28	28	371	0	0
8	1	36	29	29	381	0	0
8	1	38	30	30	380	0	0
8	1	36	31	31	396	0	0
8	1	32	32	32	93	0	0
8	1	31	33	33	359	0	0
8	1	34	34	34	233	750	129
8	1	34	35	35	220	0	0
8	1	36	36	36	376	0	0
8	1	37	37	37	359	0	0
8	1	38	38	38	161	0	0
8	1	39	39	39	193	0	0
8	1	40	40	40	474	0	0
8	1	66	41	41	444	5463	1003
8	1	42	42	42	83	0	0
8	1	62	43	43	444	5463	1003
8	1	43	44	44	83	0	0
8	1	58	45	45	444	5463	1003
8	1	45	46	46	272	5808	3761
8	1	54	47	47	444	5463	1003
8	1	50	48	48	444	5463	1003
8	1	48	49	49	106	2615	5676
8	1	46	50	50	444	5463	1003
8	1	50	51	51	316	4913	4113
8	1	53	52	52	84	2067	7039
8	1	59	53	53	315	4976	3960
8	1	54	54	54	435	0	0
8	1	45	55	55	106	2615	5676
8	1	62	56	56	104	0	0
8	1	55	57	57	106	2615	5676
8	1	62	58	58	476	1643	2405
8	1	57	59	59	316	4913	4113
8	1	62	60	60	192	0	0
8	1	61	61	61	227	0	0
8	1	64	62	62	231	0	0
8	1	65	63	63	270	0	0
8	1	71	64	64	270	0	0
8	1	70	65	65	439	0	0
8	1	76	66	66	439	0	0
8	1	69	67	67	25	0	0
8	1	75	68	68	25	0	0
8	1	69	69	69	70	0	0
8	1	70	70	70	230	0	0
8	1	71	71	71	410	0	0
8	1	72	72	72	229	0	0
8	1	73	73	73	351	0	0
8	1	79	74	74	228	0	0
8	1	82	75	75	88	0	0
8	1	76	76	76	491	0	0
8	1	82	77	77	491	0	0
8	1	88	78	78	232	0	0
8	1	89	79	79	271	0	0
8	1	81	80	80	446	833	961
8	1	82	81	81	446	833	961
8	1	82	82	82	17	0	0
8	1	85	83	83	218	0	0
8	1	90	84	84	49	2901	646
8	1	85	85	85	73	0	0
8	1	98	86	86	409	3574	1317
8	1	99	87	87	409	3574	1317
16	1	27	27	27	196	0	0
16	1	31	28	28	371	0	0
16	1	36	29	29	381	0	0
16	1	38	30	30	380	0	0
16	1	36	31	31	396	0	0
16	1	32	32	32	93	0	0
16	1	31	33	33	359	0	0
16	1	34	34	34	233	750	129
16	1	34	35	35	220	0	0
16	1	42	36	36	242	0	0
16	1	37	37	37	359	0	0
16	1	44	38	38	176	0	0
16	1	39	39	39	193	0	0
16	1	40	40	40	474	0	0
16	1	66	41	41	444	5463	1003
16	1	42	42	42	83	0	0
16	1	62	43	43	444	5463	1003
16	1	43	44	44	83	0	0
16	1	58	45	45	444	5463	1003
16	1	45	46	46	272	5808	3761
16	1	54	47	47	444	5463	1003
16	1	50	48	48	444	5463	1003
16	1	48	49	49	106	2615	5676
16	1	46	50	50	444	5463	1003
16	1	50	51	51	316	4913	4113
16	1	53	52	52	84	2067	7039
16	1	59	53	53	315	4976	3960
16	1	54	54	54	435	0	0
16	1	45	55	55	106	2615	5676
16	1	62	56	56	104	0	0
16	1	55	57	57	106	2615	5676
16	1	62	58	58	476	1643	2405
16	1	57	59	59	316	4913	4113
16	1	62	60	60	192	0	0
16	1	61	61	61	227	0	0
16	1	64	62	62	231	0	0
16	1	65	63	63	270	0	0
16	1	71	64	64	270	0	0
16	1	70	65	65	439	0	0
16	1	76	66	66	439	0	0
16	1	69	67	67	25	0	0
16	1	75	68	68	25	0	0
16	1	69	69	69	70	0	0
16	1	70	70	70	230	0	0
16	1	71	71	71	410	0	0
16	1	72	72	72	229	0	0
16	1	73	73	73	351	0	0
16	1	79	74	74	228	0	0
16	1	82	75	75	88	0	0
16	1	76	76	76	491	0	0
16	1	82	77	77	491	0	0
16	1	88	78	78	232	0	0
16	1	89	79	79	271	0	0
16	1	81	80	80	446	833	961
16	1	82	81	81	446	833	961
16	1	82	82	82	17	0	0
16	1	85	83	83	218	0	0
16	1	90	84	84	49	2901	646
16	1	85	85	85	73	0	0
16	1	98	86	86	409	3574	1317
16	1	99	87	87	409	3574	1317
24	1	27	27	27	196	0	0
24	1	31	28	28	371	0	0
24	1	36	29	29	381	0	0
24	1	38	30	30	380	0	0
24	1	36	31	31	396	0	0
24	1	32	32	32	93	0	0
24	1	31	33	33	359	0	0
24	1	34	34	34	233	750	129
24	1	34	35	35	220	0	0
24	1	47	36	36	136	0	0
24	1	37	37	37	359	0	0
24	1	37	38	38	136	0	0
24	1	39	39	39	193	0	0
24	1	46	40	40	176	0	0
24	1	66	41	41	425	831	104
24	1	42	42	42	83	0	0
24	1	64	43	43	425	831	104
24	1	43	44	44	83	0	0
24	1	62	45	45	425	831	104
24	1	45	46	46	272	5808	3761
24	1	61	47	47	425	831	104
24	1	57	48	48	425	831	104
24	1	48	49	49	106	2615	5676
24	1	53	50	50	425	831	104
24	1	50	51	51	316	4913	4113
24	1	55	52	52	106	2615	5676
24	1	59	53	53	315	4976	3960
24	1	54	54	54	435	0	0
24	1	45	55	55	106	2615	5676
24	1	62	56	56	104	0	0
24	1	55	57	57	106	2615	5676
24	1	62	58	58	476	1643	2405
24	1	57	59	59	316	4913	4113
24	1	62	60	60	192	0	0
24	1	61	61	61	227	0	0
24	1	64	62	62	231	0	0
24	1	65	63	63	270	0	0
24	1	71	64	64	270	0	0
24	1	70	65	65	439	0	0
24	1	76	66	66	439	0	0
24	1	69	67	67	25	0	0
24	1	75	68	68	25	0	0
24	1	69	69	69	70	0	0
24	1	70	70	70	230	0	0
24	1	71	71	71	410	0	0
24	1	72	72	72	229	0	0
24	1	73	73	73	351	0	0
24	1	79	74	74	228	0	0
24	1	82	75	75	88	0	0
24	1	76	76	76	491	0	0
24	1	82	77	77	491	0	0
24	1	88	78	78	232	0	0
24	1	89	79	79	271	0	0
24	1	81	80	80	446	833	961
24	1	82	81	81	446	833	961
24	1	82	82	82	17	0	0
24	1	85	83	83	218	0	0
24	1	90	84	84	49	2901	646
24	1	85	85	85	73	0	0
24	1	98	86	86	409	3574	1317
24	1	99	87	87	409	3574	1317
25	1	27	27	27	196	0	0
25	1	31	28	28	371	0	0
25	1	36	29	29	381	0	0
25	1	38	30	30	380	0	0
25	1	36	31	31	396	0	0
25	1	32	32	32	93	0	0
25	1	31	33	33	359	0	0
25	1	34	34	34	233	750	129
25	1	34	35	35	220	0	0
25	1	65	36	36	102	48	89
25	1	27	37	37	359	0	0
25	1	38	38	38	19	0	0
25	1	39	39	39	193	0	0
25	1	40	40	40	474	0	0
25	1	60	41	41	102	48	89
25	1	42	42	42	18	2301	2614
25	1	59	43	43	102	48	89
25	1	44	44	44	18	2301	2614
25	1	57	45	45	102	48	89
25	1	46	46	46	18	2301	2614
25	1	54	47	47	102	48	89
25	1	52	48	48	102	48	89
25	1	39	49	49	84	2067	7039
25	1	50	50	50	102	48	89
25	1	50	51	51	316	4913	4113
25	1	53	52	52	84	2067	7039
25	1	59	53	53	315	4976	3960
25	1	54	54	54	435	0	0
25	1	45	55	55	106	2615	5676
25	1	56	56	56	16	152	79
25	1	55	57	57	106	2615	5676
25	1	62	58	58	476	1643	2405
25	1	57	59	59	316	4913	4113
25	1	62	60	60	192	0	0
25	1	61	61	61	227	0	0
25	1	70	62	62	103	17	33
25	1	79	63	63	103	17	33
25	1	86	64	64	103	17	33
25	1	70	65	65	439	0	0
25	1	76	66	66	439	0	0
25	1	69	67	67	25	0	0
25	1	75	68	68	25	0	0
25	1	69	69	69	70	0	0
25	1	70	70	70	17	0	0
25	1	71	71	71	410	0	0
25	1	72	72	72	229	0	0
25	1	73	73	73	351	0	0
25	1	79	74	74	228	0	0
25	1	40	75	75	360	100	133
25	1	76	76	76	491	0	0
25	1	82	77	77	491	0	0
25	1	88	78	78	232	0	0
25	1	89	79	79	271	0	0
25	1	81	80	80	446	833	961
25	1	82	81	81	446	833	961
25	1	82	82	82	17	0	0
25	1	85	83	83	218	0	0
25	1	90	84	84	49	2901	646
25	1	85	85	85	73	0	0
25	1	98	86	86	409	3574	1317
25	1	99	87	87	409	3574	1317
32	1	27	27	27	196	0	0
32	1	31	28	28	371	0	0
32	1	36	29	29	381	0	0
32	1	38	30	30	380	0	0
32	1	36	31	31	396	0	0
32	1	32	32	32	93	0	0
32	1	31	33	33	359	0	0
32	1	34	34	34	233	750	129
32	1	28	35	35	220	0	0
32	1	34	36	36	376	0	0
32	1	37	37	37	359	0	0
32	1	38	38	38	161	0	0
32	1	39	39	39	193	0	0
32	1	40	40	40	474	0	0
32	1	57	41	41	444	5463	1003
32	1	42	42	42	83	0	0
32	1	55	43	43	444	5463	1003
32	1	43	44	44	83	0	0
32	1	54	45	45	444	5463	1003
32	1	45	46	46	272	5808	3761
32	1	52	47	47	444	5463	1003
32	1	50	48	48	444	5463	1003
32	1	48	49	49	106	2615	5676
32	1	48	50	50	444	5463	1003
32	1	50	51	51	316	4913	4113
32	1	53	52	52	84	2067	7039
32	1	59	53	53	315	4976	3960
32	1	54	54	54	435	0	0
32	1	45	55	55	106	2615	5676
32	1	62	56	56	104	0	0
32	1	55	57	57	106	2615	5676
32	1	62	58	58	476	1643	2405
32	1	57	59	59	316	4913	4113
32	1	62	60	60	192	0	0
32	1	61	61	61	227	0	0
32	1	64	62	62	231	0	0
32	1	65	63	63	270	0	0
32	1	71	64	64	270	0	0
32	1	70	65	65	439	0	0
32	1	76	66	66	439	0	0
32	1	69	67	67	25	0	0
32	1	75	68	68	25	0	0
32	1	69	69	69	70	0	0
32	1	70	70	70	230	0	0
32	1	71	71	71	410	0	0
32	1	72	72	72	229	0	0
32	1	73	73	73	351	0	0
32	1	79	74	74	228	0	0
32	1	82	75	75	88	0	0
32	1	76	76	76	491	0	0
32	1	82	77	77	491	0	0
32	1	88	78	78	232	0	0
32	1	89	79	79	271	0	0
32	1	81	80	80	446	833	961
32	1	82	81	81	446	833	961
32	1	82	82	82	17	0	0
32	1	85	83	83	218	0	0
32	1	90	84	84	49	2901	646
32	1	85	85	85	73	0	0
32	1	98	86	86	409	3574	1317
32	1	99	87	87	409	3574	1317
40	1	27	27	27	196	0	0
40	1	31	28	28	371	0	0
40	1	36	29	29	381	0	0
40	1	38	30	30	380	0	0
40	1	36	31	31	396	0	0
40	1	32	32	32	93	0	0
40	1	31	33	33	359	0	0
40	1	34	34	34	233	750	129
40	1	28	35	35	220	0	0
40	1	34	36	36	376	0	0
40	1	37	37	37	359	0	0
40	1	38	38	38	69	0	0
40	1	40	39	39	57	0	0
40	1	40	40	40	58	24	9096
40	1	57	41	41	444	5463	1003
40	1	42	42	42	83	0	0
40	1	55	43	43	444	5463	1003
40	1	43	44	44	83	0	0
40	1	54	45	45	444	5463	1003
40	1	45	46	46	272	5808	3761
40	1	52	47	47	444	5463	1003
40	1	50	48	48	444	5463	1003
40	1	48	49	49	106	2615	5676
40	1	48	50	50	444	5463	1003
40	1	50	51	51	316	4913	4113
40	1	53	52	52	84	2067	7039
40	1	59	53	53	315	4976	3960
40	1	54	54	54	435	0	0
40	1	45	55	55	106	2615	5676
40	1	62	56	56	104	0	0
40	1	55	57	57	106	2615	5676
40	1	62	58	58	476	1643	2405
40	1	57	59	59	316	4913	4113
40	1	62	60	60	192	0	0
40	1	61	61	61	227	0	0
40	1	64	62	62	231	0	0
40	1	65	63	63	270	0	0
40	1	71	64	64	270	0	0
40	1	70	65	65	439	0	0
40	1	76	66	66	439	0	0
40	1	69	67	67	25	0	0
40	1	75	68	68	25	0	0
40	1	69	69	69	70	0	0
40	1	70	70	70	230	0	0
40	1	71	71	71	410	0	0
40	1	72	72	72	229	0	0
40	1	73	73	73	351	0	0
40	1	79	74	74	228	0	0
40	1	82	75	75	88	0	0
40	1	76	76	76	491	0	0
40	1	82	77	77	491	0	0
40	1	88	78	78	232	0	0
40	1	89	79	79	271	0	0
40	1	81	80	80	446	833	961
40	1	82	81	81	446	833	961
40	1	82	82	82	17	0	0
40	1	85	83	83	218	0	0
40	1	90	84	84	49	2901	646
40	1	85	85	85	73	0	0
40	1	98	86	86	409	3574	1317
40	1	99	87	87	409	3574	1317
48	1	27	27	27	83	0	0
48	1	27	28	28	83	0	0
48	1	28	29	29	272	5808	3761
48	1	29	30	30	316	4913	4113
48	1	36	31	31	396	0	0
48	1	32	32	32	93	0	0
48	1	31	33	33	359	0	0
48	1	34	34	34	233	750	129
48	1	36	35	35	220	0	0
48	1	60	36	36	442	0	0
48	1	37	37	37	359	0	0
48	1	35	38	38	474	0	0
48	1	39	39	39	73	0	0
48	1	37	40	40	474	0	0
48	1	55	41	41	442	0	0
48	1	55	42	42	442	0	0
48	1	55	43	43	442	0	0
48	1	55	44	44	442	0	0
48	1	55	45	45	442	0	0
48	1	55	46	46	442	0	0
48	1	55	47	47	442	0	0
48	1	55	48	48	442	0	0
48	1	55	49	49	442	0	0
48	1	55	50	50	442	0	0
48	1	55	51	51	442	0	0
48	1	55	52	52	442	0	0
48	1	55	53	53	442	0	0
48	1	54	54	54	435	0	0
48	1	45	55	55	106	2615	5676
48	1	62	56	56	104	0	0
48	1	61	57	57	106	2615	5676
48	1	62	58	58	476	1643	2405
48	1	58	59	59	106	2615	5676
48	1	62	60	60	192	0	0
48	1	61	61	61	227	0	0
48	1	64	62	62	231	0	0
48	1	65	63	63	270	0	0
48	1	71	64	64	270	0	0
48	1	70	65	65	439	0	0
48	1	76	66	66	439	0	0
48	1	69	67	67	25	0	0
48	1	75	68	68	25	0	0
48	1	69	69	69	70	0	0
48	1	70	70	70	230	0	0
48	1	71	71	71	410	0	0
48	1	72	72	72	229	0	0
48	1	73	73	73	351	0	0
48	1	79	74	74	228	0	0
48	1	82	75	75	88	0	0
48	1	76	76	76	491	0	0
48	1	82	77	77	491	0	0
48	1	88	78	78	232	0	0
48	1	89	79	79	271	0	0
48	1	81	80	80	446	833	961
48	1	82	81	81	446	833	961
48	1	82	82	82	17	0	0
48	1	85	83	83	218	0	0
48	1	90	84	84	49	2901	646
48	1	85	85	85	73	0	0
48	1	98	86	86	409	3574	1317
48	1	99	87	87	409	3574	1317
48	1	98	88	88	26	32	7231
